K = 4;
T1 = 4;
T2 = 10;
a1 = 0.56;
a2 = -0.8;
a3 = -0.25;
a4 = 0.2;